Tileset.png
15,0 15,0 15,0 15,0 15,0 15,0 15,0 15,0 15,0 15,0 15,0 15,0 15,0 15,0 15,0 15,0 15,0 15,0 15,0 
15,0 15,0 15,0 15,0 15,0 15,0 15,0 15,0 15,0 15,0 15,0 15,0 15,0 15,0 15,0 15,0 15,0 15,0 15,0
15,0 15,0 15,0 15,0 15,0 15,0 15,0 15,0 15,0 15,0 15,0 15,0 15,0 15,0 15,0 15,0 15,0 15,0 15,0
15,0 15,0 15,0 15,0 15,0 15,0 15,0 15,0 15,0 15,0 15,0 15,0 15,0 15,0 15,0 15,0 15,0 15,0 15,0 
15,0 15,0 15,0 15,0 15,0 15,0 15,0 15,0 15,0 15,0 15,0 15,0 15,0 15,0 15,0 15,0 15,0 15,0 15,0
15,0 15,0 15,0 15,0 15,0 15,0 15,0 15,0 15,0 15,0 15,0 15,0 15,0 15,0 15,0 15,0 15,0 15,0 15,0
15,0 15,0 15,0 15,0 15,0 15,0 15,0 15,0 15,0 15,0 15,0 15,0 15,0 15,0 15,0 15,0 15,0 15,0 15,0 
15,0 15,0 15,0 15,0 15,0 15,0 15,0 15,0 15,0 15,0 15,0 15,0 15,0 15,0 15,0 15,0 15,0 15,0 15,0
15,0 15,0 15,0 15,0 15,0 15,0 15,0 15,0 15,0 15,0 15,0 15,0 15,0 15,0 15,0 15,0 15,0 15,0 15,0 
15,0 15,0 15,0 15,0 15,0 15,0 15,0 15,0 15,0 15,0 15,0 15,0 15,0 15,0 15,0 15,0 15,0 15,0 15,0 
15,0 15,0 15,0 15,0 15,0 15,0 15,0 15,0 15,0 15,0 15,0 15,0 15,0 15,0 15,0 15,0 15,0 15,0 15,0 
15,0 15,0 15,0 15,0 15,0 15,0 15,0 15,0 15,0 15,0 15,0 15,0 15,0 15,0 15,0 15,0 15,0 15,0 15,0 
15,0 15,0 15,0 15,0 15,0 15,0 15,0 15,0 15,0 15,0 15,0 15,0 15,0 15,0 15,0 15,0 15,0 15,0 15,0 
15,0 15,0 15,0 15,0 15,0 15,0 15,0 15,0 15,0 15,0 15,0 15,0 15,0 15,0 15,0 15,0 15,0 15,0 15,0 
15,0 15,0 15,0 15,0 15,0 15,0 15,0 15,0 15,0 15,0 15,0 15,0 15,0 15,0 15,0 15,0 15,0 15,0 15,0 
